10

0 2 3 4 5 6 7 8 9 10
2 0 13 14 15 16 17 18 19 20
3 13 0 24 25 26 27 28 29 30
4 14 24 0 35 36 37 38 39 40
5 15 25 35 0 54 20 49 12 2
6 16 26 36 54 0 47 48 49 50
7 17 27 37 20 47 0 58 59 60
8 18 28 38 49 48 58 0 69 70
9 19 29 39 12 49 59 69 0 80
10 20 30 40 2 50 60 70 80 0

1 4 2 8 5 7